{"meta":{"years":[2002,2003,2004,2005,2006,2007,2008,2009,2010],"factsCount":103,"observations":864,"modes":["raw","share","logshare"]},"facts":["Achats et ventes sans factures","Aide à l'entrée, à la circulation et au séjour des étrangers","Atteintes aux intérêts fondamentaux de la Nation","Atteintes sexuelles","Atteintes à l'environnement","Atteintes à la dignité et à la  personnalité","Attentats à l'explosif contre des biens privés","Attentats à l'explosif contre des biens publics","Autres coups et blessures volontaires criminels ou correctionnels","Autres destructions et dégradations de biens privés","Autres destructions et dégradations de biens publics","Autres délits","Autres délits contre santé publique et la réglementation des professions médicales","Autres délits économiques et financiers","Autres faux documents administratifs","Autres faux en écriture","Autres infractions à la législation sur les stupéfiants","Autres infractions à la police des étrangers","Autres vols avec armes blanches","Autres vols simples contre des particuliers dans  des locaux privés","Autres vols simples contre des particuliers dans des locaux ou lieux publics","Autres vols simples contre des établissements publics ou privés","Autres vols à main armée","Banqueroutes, abus de biens sociaux et autres délits de société","Cambriolages d'autres lieux","Cambriolages de  locaux industriels, commerciaux ou financiers","Cambriolages de locaux d'habitations principales","Cambriolages de résidences secondaires","Chasse et pêche","Contrefaçons et fraudes industrielles et commerciales","Contrefaçons littéraires et artistique","Coups et blessures volontaires suivis de mort","Destructions et dégradations de véhicules privés","Destructions, cruautés et autres délits envers les animaux","Délits au sujet de la garde des mineurs","Délits de débits de boissons et infraction à la réglementation sur l'alcool  et le tabac","Délits des courses et des jeux","Délits interdiction de séjour et de paraître","Emploi d'étranger sans titre de travail","Escroqueries et abus de confiances","Falsification et usages de cartes de crédit","Falsification et usages de chèques volés","Fausse monnaie","Faux documents concernant la circulation des véhicules","Faux documents d'identité","Faux en écriture publique et authentique","Fraudes alimentaires et infractions à l'hygiène","Fraudes fiscales","Harcèlements sexuels et autres agressions sexuelles contre des majeur(e)s","Harcèlements sexuels et autres agressions sexuelles contre des mineur(e)s","Homicides commis contre enfants de moins de 15 ans","Homicides pour d'autres motifs","Homicides pour voler et à l'occasion de vols","Incendies volontaires de biens privés","Incendies volontaires de biens publics","Infractions au droit de l'urbanisme et de la construction","Infractions aux conditions générales d'entrée et de séjour des étrangers","Infractions à l'exercice d'une profession réglementée","Infractions à la législation sur les chèques","Marchandage - prêt de main d'œuvre","Menaces ou chantages dans un autre but","Menaces ou chantages pour extorsion de fonds","Non versement de pension alimentaire","Outrages à dépositaires autorité","Port ou détention armes prohibées","Prises d'otages dans un autre but","Prises d'otages à l'occasion de vols","Prix illicites, publicité fausse et infractions aux règles de la concurrence","Proxénétisme","Recels","Règlements de compte entre malfaiteurs","Séquestrations","Tentatives d'homicides pour voler et à l'occasion de vols","Tentatives homicides pour d'autres motifs","Trafic et revente sans usage de stupéfiants","Travail clandestin","Usage de stupéfiants","Usage-revente de stupéfiants","Violations de domicile","Violences à dépositaires autorité","Violences, mauvais traitements et abandons d'enfants.","Viols sur des majeur(e)s","Viols sur des mineur(e)s","Vols avec armes blanches contre des particuliers à leur domicile","Vols avec armes blanches contre des établissements financiers, commerciaux ou industriels","Vols avec entrée par ruse en tous lieux","Vols d'accessoires sur véhicules à moteur immatriculés","Vols d'automobiles","Vols de véhicules de transport avec fret","Vols de véhicules motorisés à 2 roues","Vols simples sur chantier","Vols simples sur exploitations agricoles","Vols violents sans arme contre d'autres victimes","Vols violents sans arme contre des femmes sur voie publique ou autre lieu public","Vols violents sans arme contre des particuliers à leur domicile","Vols violents sans arme contre des établissements financiers, commerciaux ou industriels","Vols à l'étalage","Vols à la roulotte","Vols à la tire","Vols à main armée contre des entreprises de transports de fonds","Vols à main armée contre des particuliers à leur domicile","Vols à main armée contre des établissements financiers","Vols à main armée contre des établissements industriels ou commerciaux"],"categories":{"HOMICIDES":{"label":"Homicides et violences graves","color":"#8B0000"},"COUPS_BLESSURES":{"label":"Coups et blessures","color":"#DC143C"},"VIOLENCES_SEXUELLES":{"label":"Violences sexuelles","color":"#800080"},"VOLS_VIOLENTS":{"label":"Vols avec violence","color":"#FF4500"},"VOLS_SANS_VIOLENCE":{"label":"Vols sans violence","color":"#FF8C00"},"DESTRUCTIONS":{"label":"Destructions et dégradations","color":"#B22222"},"STUPEFIANTS":{"label":"Stupéfiants","color":"#228B22"},"ESCROQUERIES":{"label":"Escroqueries et infractions économiques","color":"#4169E1"},"FAUX_DOCUMENTS":{"label":"Faux documents","color":"#6A5ACD"},"AUTRES":{"label":"Autres infractions","color":"#708090"}},"categoryOrder":["HOMICIDES","COUPS_BLESSURES","VIOLENCES_SEXUELLES","VOLS_VIOLENTS","VOLS_SANS_VIOLENCE","DESTRUCTIONS","STUPEFIANTS","ESCROQUERIES","FAUX_DOCUMENTS","AUTRES"],"factCategory":{"Règlements de compte entre malfaiteurs":"HOMICIDES","Homicides pour voler et à l'occasion de vols":"HOMICIDES","Homicides pour d'autres motifs":"HOMICIDES","Homicides commis contre enfants de moins de 15 ans":"HOMICIDES","Tentatives d'homicides pour voler et à l'occasion de vols":"HOMICIDES","Tentatives homicides pour d'autres motifs":"HOMICIDES","Coups et blessures volontaires suivis de mort":"HOMICIDES","Prises d'otages à l'occasion de vols":"HOMICIDES","Prises d'otages dans un autre but":"HOMICIDES","Séquestrations":"HOMICIDES","Autres coups et blessures volontaires criminels ou correctionnels":"COUPS_BLESSURES","Violences, mauvais traitements et abandons d'enfants.":"COUPS_BLESSURES","Violences à dépositaires autorité":"COUPS_BLESSURES","Menaces ou chantages pour extorsion de fonds":"COUPS_BLESSURES","Menaces ou chantages dans un autre but":"COUPS_BLESSURES","Atteintes à la dignité et à la  personnalité":"COUPS_BLESSURES","Outrages à dépositaires autorité":"COUPS_BLESSURES","Viols sur des majeur(e)s":"VIOLENCES_SEXUELLES","Viols sur des mineur(e)s":"VIOLENCES_SEXUELLES","Harcèlements sexuels et autres agressions sexuelles contre des majeur(e)s":"VIOLENCES_SEXUELLES","Harcèlements sexuels et autres agressions sexuelles contre des mineur(e)s":"VIOLENCES_SEXUELLES","Atteintes sexuelles":"VIOLENCES_SEXUELLES","Proxénétisme":"VIOLENCES_SEXUELLES","Vols à main armée contre des établissements financiers":"VOLS_VIOLENTS","Vols à main armée contre des établissements industriels ou commerciaux":"VOLS_VIOLENTS","Vols à main armée contre des entreprises de transports de fonds":"VOLS_VIOLENTS","Vols à main armée contre des particuliers à leur domicile":"VOLS_VIOLENTS","Autres vols à main armée":"VOLS_VIOLENTS","Vols avec armes blanches contre des établissements financiers, commerciaux ou industriels":"VOLS_VIOLENTS","Vols avec armes blanches contre des particuliers à leur domicile":"VOLS_VIOLENTS","Autres vols avec armes blanches":"VOLS_VIOLENTS","Vols violents sans arme contre des établissements financiers, commerciaux ou industriels":"VOLS_VIOLENTS","Vols violents sans arme contre des particuliers à leur domicile":"VOLS_VIOLENTS","Vols violents sans arme contre des femmes sur voie publique ou autre lieu public":"VOLS_VIOLENTS","Vols violents sans arme contre d'autres victimes":"VOLS_VIOLENTS","Cambriolages de locaux d'habitations principales":"VOLS_SANS_VIOLENCE","Cambriolages de résidences secondaires":"VOLS_SANS_VIOLENCE","Cambriolages de  locaux industriels, commerciaux ou financiers":"VOLS_SANS_VIOLENCE","Cambriolages d'autres lieux":"VOLS_SANS_VIOLENCE","Vols avec entrée par ruse en tous lieux":"VOLS_SANS_VIOLENCE","Vols d'automobiles":"VOLS_SANS_VIOLENCE","Vols de véhicules motorisés à 2 roues":"VOLS_SANS_VIOLENCE","Vols de véhicules de transport avec fret":"VOLS_SANS_VIOLENCE","Vols d'accessoires sur véhicules à moteur immatriculés":"VOLS_SANS_VIOLENCE","Vols à la roulotte":"VOLS_SANS_VIOLENCE","Vols à la tire":"VOLS_SANS_VIOLENCE","Vols à l'étalage":"VOLS_SANS_VIOLENCE","Vols simples sur chantier":"VOLS_SANS_VIOLENCE","Vols simples sur exploitations agricoles":"VOLS_SANS_VIOLENCE","Autres vols simples contre des particuliers dans  des locaux privés":"VOLS_SANS_VIOLENCE","Autres vols simples contre des particuliers dans des locaux ou lieux publics":"VOLS_SANS_VIOLENCE","Autres vols simples contre des établissements publics ou privés":"VOLS_SANS_VIOLENCE","Recels":"VOLS_SANS_VIOLENCE","Violations de domicile":"VOLS_SANS_VIOLENCE","Incendies volontaires de biens privés":"DESTRUCTIONS","Incendies volontaires de biens publics":"DESTRUCTIONS","Attentats à l'explosif contre des biens privés":"DESTRUCTIONS","Attentats à l'explosif contre des biens publics":"DESTRUCTIONS","Destructions et dégradations de véhicules privés":"DESTRUCTIONS","Autres destructions et dégradations de biens privés":"DESTRUCTIONS","Autres destructions et dégradations de biens publics":"DESTRUCTIONS","Destructions, cruautés et autres délits envers les animaux":"DESTRUCTIONS","Trafic et revente sans usage de stupéfiants":"STUPEFIANTS","Usage-revente de stupéfiants":"STUPEFIANTS","Usage de stupéfiants":"STUPEFIANTS","Autres infractions à la législation sur les stupéfiants":"STUPEFIANTS","Escroqueries et abus de confiances":"ESCROQUERIES","Falsification et usages de chèques volés":"ESCROQUERIES","Falsification et usages de cartes de crédit":"ESCROQUERIES","Infractions à la législation sur les chèques":"ESCROQUERIES","Banqueroutes, abus de biens sociaux et autres délits de société":"ESCROQUERIES","Fraudes fiscales":"ESCROQUERIES","Contrefaçons et fraudes industrielles et commerciales":"ESCROQUERIES","Contrefaçons littéraires et artistique":"ESCROQUERIES","Prix illicites, publicité fausse et infractions aux règles de la concurrence":"ESCROQUERIES","Achats et ventes sans factures":"ESCROQUERIES","Autres délits économiques et financiers":"ESCROQUERIES","Faux documents d'identité":"FAUX_DOCUMENTS","Faux documents concernant la circulation des véhicules":"FAUX_DOCUMENTS","Faux en écriture publique et authentique":"FAUX_DOCUMENTS","Autres faux documents administratifs":"FAUX_DOCUMENTS","Autres faux en écriture":"FAUX_DOCUMENTS","Fausse monnaie":"FAUX_DOCUMENTS","Travail clandestin":"AUTRES","Emploi d'étranger sans titre de travail":"AUTRES","Marchandage - prêt de main d'œuvre":"AUTRES","Aide à l'entrée, à la circulation et au séjour des étrangers":"AUTRES","Infractions aux conditions générales d'entrée et de séjour des étrangers":"AUTRES","Autres infractions à la police des étrangers":"AUTRES","Port ou détention armes prohibées":"AUTRES","Atteintes à l'environnement":"AUTRES","Chasse et pêche":"AUTRES","Infractions au droit de l'urbanisme et de la construction":"AUTRES","Infractions à l'exercice d'une profession réglementée":"AUTRES","Fraudes alimentaires et infractions à l'hygiène":"AUTRES","Autres délits contre santé publique et la réglementation des professions médicales":"AUTRES","Délits de débits de boissons et infraction à la réglementation sur l'alcool  et le tabac":"AUTRES","Délits des courses et des jeux":"AUTRES","Délits interdiction de séjour et de paraître":"AUTRES","Délits au sujet de la garde des mineurs":"AUTRES","Non versement de pension alimentaire":"AUTRES","Atteintes aux intérêts fondamentaux de la Nation":"AUTRES","Autres délits":"AUTRES"},"matrices":{"raw":[[1.0,0.227118,0.083364,0.119474,0.205893,0.204055,-0.000598,0.014582,0.17536,0.228126,0.289586,0.23438,0.080138,0.16112,0.116313,0.208157,0.197981,0.013364,0.114556,0.308984,0.15316,0.260975,0.156413,0.078468,0.317257,0.31531,0.234762,0.207341,0.235744,0.119865,0.142778,0.256749,0.222697,0.335064,0.353045,0.182645,0.007597,0.134498,0.059407,0.154016,0.140799,0.264172,0.197584,0.086977,0.12471,0.208891,0.225975,0.02786,0.188313,0.270678,0.135025,0.291866,0.131777,0.208141,0.234806,0.148907,0.128383,0.139117,0.354926,0.200079,0.211318,0.028078,0.347679,0.163661,0.128447,0.040134,0.129779,0.279191,0.175827,0.172961,0.204361,0.123042,0.109598,0.113421,0.064278,0.185158,0.149979,0.266723,0.261239,0.114646,0.222127,0.160099,0.254092,0.209136,0.135772,0.224282,0.258517,0.265718,0.092516,0.243361,0.34821,0.200117,0.098142,0.087291,0.251759,0.190676,0.19854,0.286793,0.142152,0.000525,0.115897,0.11334,0.07976],[0.227118,1.0,0.427173,0.329939,0.246689,0.648746,-0.002229,0.031868,0.650753,0.488299,0.558078,0.547179,0.377908,0.423094,0.486024,0.528235,0.370724,0.355964,0.365208,0.572251,0.413153,0.506619,0.387673,0.270205,0.499516,0.447722,0.535129,0.055114,0.180857,0.427455,0.173085,0.451548,0.479537,0.561336,0.595093,0.325702,0.183847,0.288503,0.561979,0.525477,0.441321,0.381428,0.4326,0.446012,0.567589,0.622587,0.414512,0.189897,0.464362,0.53434,0.223489,0.471773,0.204007,0.592472,0.556966,0.312427,0.648387,0.41998,0.289391,0.437985,0.611537,0.388594,0.638934,0.509067,0.527111,0.166085,0.177723,0.288496,0.367732,0.480303,0.24875,0.493708,0.274986,0.412444,0.314836,0.604373,0.606632,0.620861,0.556649,0.483986,0.62588,0.492944,0.573333,0.493765,0.507328,0.417763,0.477793,0.392329,0.096955,0.486287,0.632191,-0.026094,0.420466,0.393009,0.540129,0.453302,0.477126,0.477495,0.338565,0.30243,0.456456,0.324125,0.473143],[0.083364,0.427173,1.0,0.290147,0.124554,0.495852,-0.040912,-0.015814,0.47034,0.356021,0.403269,0.403978,0.359454,0.352825,0.228515,0.405625,0.319365,0.155642,0.258112,0.376357,0.307296,0.376182,0.27876,0.277569,0.364607,0.311646,0.331513,-0.067082,0.118461,0.374825,0.274506,0.266263,0.319041,0.385018,0.404389,0.180537,0.257757,0.205506,0.360582,0.379931,0.31859,0.349165,0.318848,0.362777,0.197801,0.358821,0.205651,0.2527,0.396894,0.426655,0.169938,0.284227,0.126599,0.426002,0.381162,0.065972,0.326045,0.385038,0.199733,0.25837,0.438099,0.281155,0.440685,0.381898,0.457123,0.094403,0.03786,0.191905,0.277299,0.370945,0.137149,0.356082,0.155847,0.315112,0.281473,0.416019,0.48463,0.508825,0.369998,0.390151,0.481728,0.378067,0.406245,0.341171,0.332391,0.215496,0.280755,0.239227,0.383558,0.318187,0.39866,0.12553,0.314937,0.274536,0.370606,0.260611,0.381334,0.285412,0.234597,0.192442,0.339814,0.202919,0.326402],[0.119474,0.329939,0.290147,1.0,0.051333,0.661995,-0.035487,-0.006573,0.652263,0.745545,0.51955,0.73029,0.479741,0.50633,0.57333,0.790085,0.684073,0.497017,0.77923,0.620737,0.906128,0.785758,0.519323,0.789582,0.551219,0.645538,0.642952,0.064061,0.114052,0.627142,0.447854,0.531698,0.580955,0.382726,0.554792,0.442742,0.575054,0.410172,0.584682,0.81558,0.738642,0.594057,0.695728,0.847941,0.477293,0.469555,0.220481,0.857905,0.853497,0.560889,0.307733,0.521328,0.31176,0.375561,0.371042,0.126851,0.636262,0.755545,0.271073,0.335712,0.63005,0.761671,0.442754,0.788849,0.73559,0.200307,0.243623,0.5539,0.880375,0.761205,0.160589,0.717936,0.470465,0.639313,0.898566,0.665891,0.661763,0.548915,0.679755,0.797995,0.464381,0.81608,0.570767,0.699686,0.664758,0.756607,0.449673,0.40292,0.148566,0.658814,0.370423,-0.050737,0.765148,0.717758,0.580134,0.570674,0.694027,0.533224,0.826779,0.48872,0.620183,0.630443,0.554184],[0.205893,0.246689,0.124554,0.051333,1.0,0.228411,0.221309,0.181495,0.161516,0.10857,0.203848,0.194799,0.165793,0.209835,0.122824,0.192757,0.10494,-0.008688,0.031058,0.249806,0.087559,0.133575,0.137851,0.042643,0.205781,0.202657,0.209048,0.223344,0.270247,0.107176,0.081246,0.146607,0.124487,0.284233,0.31332,0.274523,-0.028833,0.074281,0.140931,0.156713,0.091644,0.098555,0.114592,0.061146,0.033283,0.266684,0.318886,0.001822,0.079844,0.146992,0.058476,0.205763,0.070843,0.16419,0.210474,0.370985,0.111841,0.162624,0.238895,0.148044,0.201743,-0.006333,0.337829,0.106915,0.141209,0.101514,0.130734,0.189173,0.079631,0.128083,0.217447,0.111304,0.082665,0.116347,-0.010104,0.189366,0.157296,0.21641,0.230127,0.083012,0.178607,0.095506,0.155933,0.121035,0.079714,0.120632,0.165014,0.22062,0.041252,0.224601,0.317066,0.137439,0.05762,0.053411,0.154374,0.122422,0.139211,0.211228,0.055943,0.059622,0.194682,0.019192,0.128673],[0.204055,0.648746,0.495852,0.661995,0.228411,1.0,-0.044092,0.010226,0.888832,0.779204,0.803249,0.857737,0.513976,0.57549,0.54344,0.825143,0.634778,0.46774,0.626611,0.815381,0.723578,0.823423,0.588359,0.561874,0.792679,0.724014,0.784682,0.169491,0.224095,0.707524,0.351873,0.641827,0.712323,0.709306,0.845576,0.509524,0.391789,0.422135,0.664852,0.810588,0.742459,0.663021,0.738522,0.70804,0.443825,0.769236,0.509363,0.505923,0.802376,0.77234,0.367006,0.66492,0.343651,0.794662,0.720285,0.357961,0.687864,0.639564,0.362027,0.406781,0.910416,0.677726,0.802819,0.827943,0.834354,0.289365,0.31052,0.437947,0.651251,0.782768,0.332378,0.79047,0.48033,0.679576,0.603864,0.758164,0.856974,0.812743,0.850842,0.807306,0.809195,0.808272,0.791054,0.743248,0.693932,0.66609,0.685516,0.608316,0.23313,0.758667,0.734804,0.035422,0.719227,0.6622,0.777086,0.68828,0.750915,0.708759,0.62872,0.491584,0.682702,0.537112,0.648002],[-0.000598,-0.002229,-0.040912,-0.035487,0.221309,-0.044092,1.0,0.824215,-0.04253,-0.025747,-0.071217,-0.019823,-0.024095,-0.009513,-0.013566,-0.039329,-0.062248,-0.000696,-0.007319,-0.061169,-0.026632,-0.063462,0.053197,0.005666,-0.058938,-0.063795,-0.025718,0.004618,0.073623,-0.01055,0.042178,-0.048773,-0.011393,-0.043152,-0.06738,0.044222,0.048887,-0.054833,0.043995,-0.040056,-0.009147,-0.056735,-0.032498,-0.027008,-0.010178,-0.03029,-0.008342,-3.5e-05,-0.054933,-0.066078,-0.021969,0.082902,0.024959,-0.017128,-0.016202,0.100778,-0.009346,0.001622,-0.085077,0.054433,-0.017432,-0.018131,-0.040171,-0.02749,-0.014993,0.043864,0.186512,0.053906,-0.016232,-0.012295,0.091477,-0.000271,0.01644,0.048864,-0.010135,0.038978,-0.040967,-0.088647,-0.053909,-0.024184,-0.058586,-0.044237,-0.069191,-0.03229,-0.030572,-0.019763,-0.027111,0.005485,-0.008781,-0.023671,-0.087995,-0.159207,0.001009,0.012649,-0.062942,-0.017593,-0.063285,-0.010485,-0.009134,0.05218,0.082848,0.076595,0.044921],[0.014582,0.031868,-0.015814,-0.006573,0.181495,0.010226,0.824215,1.0,0.032276,0.043771,0.006527,0.034808,0.008121,0.019192,0.029792,0.010441,-0.023031,0.04093,0.046954,0.001896,0.014238,-0.004607,0.104301,0.02457,0.005113,-0.003936,0.038155,0.012776,0.058735,0.040111,0.019724,0.001295,0.057063,0.002762,-0.007653,0.058676,0.106479,-0.025912,0.072857,0.007393,0.042855,0.005169,0.040992,0.013834,0.022069,0.015179,0.018735,0.008719,-0.002073,-0.004932,-0.004333,0.121094,0.034886,0.05058,0.046346,0.107005,0.03604,0.03428,-0.05057,0.047351,0.048902,0.04471,0.017653,0.037699,0.04855,0.049816,0.206129,0.047692,0.01319,0.050734,0.069894,0.067629,0.060776,0.108745,0.025839,0.077143,0.031175,-0.035579,0.023982,0.038101,0.014234,0.022353,0.004446,0.040036,0.039325,0.031369,0.047094,0.069216,0.026864,0.024427,-0.027791,-0.123035,0.0636,0.076857,0.009514,0.071074,0.014121,0.060868,0.025152,0.128002,0.118574,0.127278,0.10259],[0.17536,0.650753,0.47034,0.652263,0.161516,0.888832,-0.04253,0.032276,1.0,0.87133,0.836719,0.903118,0.481814,0.602967,0.583625,0.85289,0.632166,0.5426,0.713701,0.860954,0.750029,0.862093,0.724099,0.582978,0.773381,0.74411,0.848585,0.107885,0.221311,0.778323,0.387472,0.67249,0.847637,0.694167,0.840418,0.484143,0.509005,0.42262,0.700769,0.853829,0.839227,0.716192,0.774153,0.714578,0.515758,0.70577,0.487539,0.498533,0.851629,0.821102,0.405667,0.739523,0.364618,0.830726,0.74348,0.271157,0.742606,0.605687,0.332576,0.367174,0.952947,0.812134,0.766051,0.913909,0.909085,0.380335,0.37923,0.405732,0.613984,0.881834,0.345064,0.905608,0.595489,0.827355,0.663873,0.8062,0.948336,0.771802,0.893629,0.906363,0.896349,0.90351,0.868263,0.817132,0.82154,0.734349,0.793563,0.696975,0.321197,0.782948,0.74969,-0.039008,0.853281,0.805567,0.844233,0.824284,0.86326,0.808401,0.654742,0.6259,0.760409,0.645603,0.802492],[0.228126,0.488299,0.356021,0.745545,0.10857,0.779204,-0.025747,0.043771,0.87133,1.0,0.81204,0.879425,0.429453,0.572667,0.608268,0.853691,0.634508,0.546923,0.866742,0.885407,0.84876,0.935466,0.807751,0.658743,0.838102,0.845001,0.881038,0.101411,0.28376,0.735195,0.482838,0.723219,0.951394,0.671885,0.796861,0.483431,0.58124,0.419594,0.644652,0.849531,0.879247,0.877976,0.856709,0.754055,0.583391,0.618487,0.444323,0.592718,0.893167,0.859411,0.464399,0.795259,0.437597,0.734512,0.667083,0.20551,0.670239,0.591438,0.38553,0.347894,0.876885,0.830157,0.703407,0.927467,0.861499,0.421741,0.457659,0.504855,0.735432,0.912055,0.366878,0.917204,0.640514,0.837911,0.786789,0.760646,0.845582,0.687309,0.877892,0.894239,0.772749,0.930956,0.876328,0.888952,0.850737,0.879618,0.843,0.761928,0.365574,0.83246,0.638117,-0.040801,0.911371,0.855064,0.845657,0.868204,0.865521,0.856802,0.808393,0.62525,0.772123,0.826384,0.797091],[0.289586,0.558078,0.403269,0.51955,0.203848,0.803249,-0.071217,0.006527,0.836719,0.81204,1.0,0.799998,0.410471,0.452638,0.452087,0.706254,0.559317,0.36872,0.571726,0.849514,0.603507,0.83463,0.589141,0.422487,0.86166,0.782444,0.758571,0.130895,0.243632,0.607892,0.340882,0.648853,0.822203,0.746825,0.861398,0.334495,0.30382,0.449254,0.489831,0.683702,0.638594,0.805681,0.715259,0.565831,0.442411,0.651323,0.458388,0.315511,0.749192,0.862564,0.485119,0.668992,0.331492,0.853919,0.875495,0.16162,0.512345,0.439631,0.491493,0.322007,0.825858,0.621541,0.763389,0.766347,0.757312,0.352078,0.408301,0.370906,0.501064,0.721724,0.311943,0.743498,0.496106,0.671754,0.462835,0.618844,0.807788,0.810057,0.806823,0.724158,0.835821,0.756393,0.875295,0.733576,0.704907,0.597705,0.824255,0.716731,0.35871,0.675596,0.821248,0.151459,0.648558,0.560506,0.80408,0.744518,0.813169,0.763021,0.496359,0.441351,0.558858,0.597541,0.615711],[0.23438,0.547179,0.403978,0.73029,0.194799,0.857737,-0.019823,0.034808,0.903118,0.879425,0.799998,1.0,0.503111,0.681739,0.609482,0.917825,0.727774,0.587913,0.782937,0.899047,0.850268,0.905367,0.76752,0.666761,0.822266,0.85485,0.888796,0.266611,0.348562,0.770869,0.493092,0.695901,0.838136,0.68539,0.872498,0.601058,0.526541,0.448049,0.707553,0.880814,0.863341,0.769843,0.834016,0.775567,0.4987,0.699039,0.53776,0.620666,0.89289,0.786485,0.42754,0.781287,0.41138,0.717167,0.678342,0.346074,0.726813,0.697943,0.390943,0.40955,0.929365,0.812113,0.82291,0.923669,0.917386,0.391063,0.453688,0.549469,0.715243,0.911721,0.467691,0.882679,0.620365,0.821859,0.70608,0.81714,0.889987,0.732076,0.910594,0.898618,0.764118,0.897812,0.814735,0.836898,0.805186,0.821545,0.797325,0.781153,0.345738,0.880677,0.711957,0.011667,0.862461,0.804664,0.83703,0.806603,0.845747,0.860671,0.751942,0.603408,0.803499,0.679664,0.782507],[0.080138,0.377908,0.359454,0.479741,0.165793,0.513976,-0.024095,0.008121,0.481814,0.429453,0.410471,0.503111,1.0,0.364964,0.453505,0.535523,0.495893,0.309347,0.446307,0.42315,0.53855,0.477148,0.341939,0.524206,0.379311,0.388188,0.410699,0.056088,0.09616,0.441525,0.296089,0.307181,0.340559,0.298001,0.406023,0.350295,0.426745,0.246756,0.543551,0.529972,0.461501,0.33114,0.454649,0.565548,0.272778,0.547844,0.247229,0.505572,0.544238,0.324835,0.138619,0.381799,0.199186,0.320136,0.35925,0.213814,0.517138,0.518308,0.304008,0.293602,0.469459,0.482348,0.357495,0.49222,0.556982,0.15106,0.150759,0.289263,0.497557,0.507769,0.145483,0.467746,0.290415,0.426618,0.482493,0.538805,0.51286,0.42749,0.47836,0.528731,0.401745,0.528224,0.345813,0.442742,0.440388,0.409906,0.269265,0.251006,0.094426,0.462167,0.318686,0.022407,0.487767,0.468267,0.396196,0.380234,0.481657,0.353535,0.467519,0.275684,0.406849,0.332122,0.380993],[0.16112,0.423094,0.352825,0.50633,0.209835,0.57549,-0.009513,0.019192,0.602967,0.572667,0.452638,0.681739,0.364964,1.0,0.42125,0.715155,0.482832,0.374844,0.601733,0.628761,0.615892,0.611287,0.658723,0.50934,0.546869,0.624932,0.655339,0.081885,0.472502,0.591404,0.417973,0.456698,0.510505,0.477511,0.56208,0.448909,0.369426,0.250114,0.575658,0.644187,0.681529,0.464652,0.567944,0.541259,0.297868,0.48428,0.39356,0.501412,0.594975,0.472143,0.278784,0.550395,0.264204,0.44768,0.429425,0.269,0.517033,0.532016,0.19496,0.296682,0.662167,0.516671,0.595391,0.617146,0.657128,0.351481,0.236063,0.374515,0.566859,0.673276,0.516793,0.640418,0.43661,0.585453,0.521245,0.623447,0.605202,0.429597,0.590988,0.613924,0.516585,0.603212,0.471605,0.589364,0.572041,0.593366,0.52629,0.548601,0.195111,0.652861,0.500696,-0.025017,0.643519,0.636924,0.51563,0.502846,0.519887,0.649102,0.582083,0.499757,0.744097,0.430835,0.708705],[0.116313,0.486024,0.228515,0.57333,0.122824,0.54344,-0.013566,0.029792,0.583625,0.608268,0.452087,0.609482,0.453505,0.42125,1.0,0.630082,0.502752,0.441518,0.614697,0.589228,0.687188,0.613201,0.5391,0.569253,0.461606,0.522004,0.568534,0.062242,0.128257,0.494763,0.339979,0.408093,0.550166,0.298069,0.488399,0.454105,0.474295,0.304009,0.584628,0.64387,0.653059,0.458684,0.582043,0.669785,0.415516,0.52906,0.332509,0.529577,0.619302,0.408152,0.262803,0.520454,0.320913,0.387936,0.35592,0.236863,0.687984,0.542677,0.161268,0.372873,0.580468,0.624162,0.464954,0.667759,0.633157,0.277374,0.296756,0.447359,0.575406,0.653877,0.230571,0.625258,0.40578,0.610332,0.633041,0.626446,0.59432,0.415979,0.59294,0.662889,0.469259,0.644665,0.459591,0.565113,0.58742,0.629593,0.463856,0.429195,0.18854,0.553532,0.329872,-0.129642,0.646161,0.626592,0.4891,0.562391,0.597361,0.53017,0.601962,0.447501,0.531857,0.545205,0.536825],[0.208157,0.528235,0.405625,0.790085,0.192757,0.825143,-0.039329,0.010441,0.85289,0.853691,0.706254,0.917825,0.535523,0.715155,0.630082,1.0,0.711994,0.583937,0.837396,0.850605,0.900379,0.912995,0.773096,0.76664,0.749987,0.828362,0.879826,0.209583,0.303265,0.730504,0.483858,0.643084,0.770316,0.57897,0.790453,0.611399,0.563472,0.454013,0.761133,0.937019,0.887822,0.731464,0.815499,0.82568,0.504952,0.686218,0.472803,0.705242,0.900804,0.697583,0.367967,0.721145,0.377966,0.609822,0.570911,0.317529,0.72204,0.730049,0.346738,0.405051,0.878838,0.816544,0.742158,0.916116,0.898616,0.379441,0.385946,0.548166,0.803055,0.89829,0.445443,0.879238,0.61468,0.806195,0.783771,0.835075,0.854154,0.674317,0.859743,0.906807,0.706132,0.901428,0.734388,0.828782,0.826184,0.834904,0.731833,0.697177,0.283958,0.856919,0.649477,-0.013639,0.871159,0.826057,0.755023,0.734733,0.838416,0.80232,0.835233,0.615279,0.826168,0.668606,0.790769],[0.197981,0.370724,0.319365,0.684073,0.10494,0.634778,-0.062248,-0.023031,0.632166,0.634508,0.559317,0.727774,0.495893,0.482832,0.502752,0.711994,1.0,0.39141,0.628173,0.618049,0.755187,0.694905,0.473724,0.692297,0.53288,0.62353,0.578836,0.188493,0.136529,0.622992,0.423839,0.513884,0.520193,0.416233,0.593282,0.412487,0.538475,0.398024,0.633234,0.710731,0.667949,0.545585,0.649631,0.702476,0.411143,0.454162,0.263872,0.685671,0.745334,0.498148,0.274633,0.558567,0.290009,0.385452,0.408295,0.154229,0.603861,0.647194,0.284206,0.346495,0.610932,0.653732,0.531537,0.708761,0.72147,0.235275,0.247475,0.433283,0.685823,0.719123,0.287317,0.641634,0.43171,0.601414,0.683269,0.691857,0.657847,0.553106,0.652142,0.712885,0.427927,0.727274,0.524972,0.602222,0.549166,0.639378,0.420306,0.430237,0.175976,0.610869,0.436644,-0.013221,0.659809,0.621143,0.575306,0.502354,0.650339,0.561481,0.660778,0.391816,0.553383,0.512099,0.503901],[0.013364,0.355964,0.155642,0.497017,-0.008688,0.46774,-0.000696,0.04093,0.5426,0.546923,0.36872,0.587913,0.309347,0.374844,0.441518,0.583937,0.39141,1.0,0.666711,0.454761,0.604737,0.546354,0.550568,0.506384,0.351754,0.425819,0.547699,0.045346,0.030352,0.481513,0.271947,0.337062,0.530195,0.226849,0.380633,0.294151,0.4668,0.26339,0.561407,0.637724,0.627717,0.436268,0.504216,0.570866,0.564037,0.436855,0.368331,0.497593,0.59001,0.389735,0.21987,0.404794,0.241494,0.2726,0.240643,0.232114,0.605918,0.499591,0.055778,0.231542,0.525103,0.716779,0.354295,0.624673,0.618603,0.267835,0.210207,0.372659,0.470515,0.595897,0.19485,0.603667,0.411449,0.577433,0.523615,0.615765,0.545483,0.295975,0.530691,0.61967,0.347061,0.587353,0.442953,0.560584,0.599922,0.565657,0.523664,0.438208,0.167322,0.545898,0.27736,-0.222012,0.63061,0.59843,0.466021,0.513444,0.507031,0.463963,0.58793,0.47343,0.563441,0.563264,0.566983],[0.114556,0.365208,0.258112,0.77923,0.031058,0.626611,-0.007319,0.046954,0.713701,0.866742,0.571726,0.782937,0.446307,0.601733,0.614697,0.837396,0.628173,0.666711,1.0,0.699478,0.909873,0.848735,0.83571,0.767638,0.648233,0.750846,0.818903,0.0243,0.185227,0.65127,0.492319,0.580374,0.758686,0.395462,0.586253,0.434416,0.704848,0.354151,0.72232,0.868714,0.88526,0.721815,0.797644,0.825783,0.583953,0.506003,0.345379,0.75558,0.858664,0.596718,0.371045,0.664261,0.393771,0.463854,0.433294,0.176244,0.65117,0.657953,0.185688,0.316129,0.72241,0.866098,0.504689,0.871867,0.812066,0.390388,0.41097,0.508752,0.833604,0.856949,0.352204,0.877872,0.622075,0.800799,0.881049,0.74738,0.700068,0.459694,0.73265,0.867967,0.529269,0.880558,0.635914,0.831762,0.863342,0.891866,0.674214,0.653014,0.28602,0.753117,0.404231,-0.151035,0.927336,0.894047,0.665714,0.748358,0.748962,0.743281,0.948289,0.624178,0.813839,0.838059,0.805561],[0.308984,0.572251,0.376357,0.620737,0.249806,0.815381,-0.061169,0.001896,0.860954,0.885407,0.849514,0.899047,0.42315,0.628761,0.589228,0.850605,0.618049,0.454761,0.699478,1.0,0.758081,0.901741,0.747276,0.520004,0.895016,0.905249,0.901801,0.305792,0.415273,0.662324,0.449914,0.703766,0.879255,0.772717,0.931194,0.570431,0.396349,0.421912,0.603996,0.804657,0.789913,0.838781,0.787687,0.626067,0.474777,0.680453,0.589854,0.433993,0.808217,0.84964,0.456516,0.801344,0.403725,0.76169,0.730247,0.338013,0.617249,0.54793,0.511436,0.397353,0.893799,0.677113,0.861636,0.83625,0.812003,0.399625,0.449755,0.484852,0.625468,0.842562,0.474125,0.818353,0.582361,0.760052,0.582112,0.723767,0.833672,0.751855,0.894143,0.785329,0.802299,0.832417,0.871779,0.836508,0.75078,0.800791,0.872495,0.835158,0.365414,0.873753,0.839637,0.146363,0.769464,0.706061,0.871559,0.804976,0.811339,0.911381,0.659016,0.54727,0.742986,0.64861,0.726975],[0.15316,0.413153,0.307296,0.906128,0.087559,0.723578,-0.026632,0.014238,0.750029,0.84876,0.603507,0.850268,0.53855,0.615892,0.687188,0.900379,0.755187,0.604737,0.909873,0.758081,1.0,0.891091,0.700821,0.85775,0.672907,0.79155,0.80124,0.151594,0.195396,0.705753,0.518111,0.611471,0.714521,0.441845,0.665763,0.538725,0.687624,0.421374,0.762056,0.917882,0.886846,0.709988,0.807285,0.894128,0.551143,0.574815,0.362243,0.863258,0.932493,0.618942,0.344512,0.665645,0.384597,0.456514,0.444439,0.25422,0.749755,0.777104,0.284855,0.393046,0.751999,0.864191,0.579945,0.891523,0.852814,0.325838,0.356606,0.594758,0.910416,0.884484,0.304408,0.84491,0.576825,0.769866,0.922705,0.8062,0.758407,0.589167,0.804245,0.898495,0.552001,0.917274,0.636165,0.825002,0.803317,0.890089,0.604415,0.573193,0.215492,0.82573,0.459017,-0.100387,0.895587,0.855309,0.701789,0.705522,0.791692,0.719767,0.939522,0.585294,0.770094,0.742016,0.708769],[0.260975,0.506619,0.376182,0.785758,0.133575,0.823423,-0.063462,-0.004607,0.862093,0.935466,0.83463,0.905367,0.477148,0.611287,0.613201,0.912995,0.694905,0.546354,0.848735,0.901741,0.891091,1.0,0.74554,0.703775,0.867128,0.902107,0.887499,0.15402,0.233281,0.700441,0.460828,0.691736,0.864466,0.63703,0.83169,0.484913,0.533961,0.459329,0.681903,0.899306,0.873566,0.872923,0.868587,0.79058,0.540952,0.649815,0.444182,0.639835,0.937878,0.824973,0.455188,0.742564,0.396888,0.710843,0.67225,0.211775,0.663686,0.657354,0.431112,0.382718,0.865727,0.807327,0.732463,0.922307,0.871547,0.378342,0.428069,0.530935,0.807347,0.88747,0.356838,0.880021,0.607165,0.792343,0.766255,0.768903,0.846101,0.745152,0.876889,0.891735,0.758047,0.927366,0.839642,0.86782,0.84648,0.852688,0.822475,0.741456,0.338717,0.833934,0.707602,0.027515,0.858715,0.78513,0.834036,0.807461,0.877631,0.834208,0.826246,0.569975,0.749227,0.766284,0.745311],[0.156413,0.387673,0.27876,0.519323,0.137851,0.588359,0.053197,0.104301,0.724099,0.807751,0.589141,0.76752,0.341939,0.658723,0.5391,0.773096,0.473724,0.550568,0.83571,0.747276,0.700821,0.74554,1.0,0.531946,0.689641,0.751821,0.874128,0.113291,0.433755,0.633924,0.531293,0.568252,0.799619,0.518216,0.653286,0.538587,0.547075,0.283303,0.603298,0.742428,0.819382,0.675638,0.74225,0.635381,0.469314,0.539058,0.487214,0.482948,0.696442,0.614709,0.406413,0.774897,0.451763,0.551357,0.510735,0.299146,0.548644,0.491564,0.186663,0.325377,0.778322,0.714725,0.650495,0.793652,0.778614,0.465322,0.502614,0.403513,0.603207,0.839535,0.609409,0.849709,0.673723,0.831987,0.640123,0.6896,0.695489,0.411882,0.72162,0.763228,0.60901,0.758226,0.664728,0.788887,0.792761,0.81825,0.796536,0.83645,0.39754,0.767734,0.502557,-0.106023,0.854061,0.84475,0.674766,0.778364,0.684585,0.853034,0.740554,0.661443,0.87936,0.766531,0.912531],[0.078468,0.270205,0.277569,0.789582,0.042643,0.561874,0.005666,0.02457,0.582978,0.658743,0.422487,0.666761,0.524206,0.50934,0.569253,0.76664,0.692297,0.506384,0.767638,0.520004,0.85775,0.703775,0.531946,1.0,0.429192,0.563124,0.575704,0.021387,0.066783,0.619921,0.431769,0.446814,0.513684,0.239809,0.442709,0.416384,0.637357,0.319205,0.707465,0.791893,0.742371,0.504936,0.625454,0.850432,0.402557,0.406331,0.196725,0.909769,0.801023,0.409566,0.244826,0.4768,0.296309,0.262616,0.266631,0.151841,0.657978,0.690397,0.152241,0.340283,0.561906,0.797036,0.354585,0.740353,0.726865,0.236232,0.256267,0.490984,0.777412,0.733302,0.163715,0.683165,0.479494,0.640567,0.863733,0.72998,0.608273,0.394775,0.610374,0.781336,0.363684,0.776792,0.424685,0.620525,0.649607,0.701818,0.376624,0.342269,0.131947,0.637516,0.243944,-0.123946,0.763122,0.723051,0.473424,0.522585,0.663512,0.497644,0.791424,0.497619,0.604456,0.609171,0.549979],[0.317257,0.499516,0.364607,0.551219,0.205781,0.792679,-0.058938,0.005113,0.773381,0.838102,0.86166,0.822266,0.379311,0.546869,0.461606,0.749987,0.53288,0.351754,0.648233,0.895016,0.672907,0.867128,0.689641,0.429192,1.0,0.919903,0.86084,0.301368,0.337793,0.613886,0.386473,0.663413,0.819644,0.75951,0.872026,0.458782,0.300536,0.38456,0.468637,0.691937,0.687449,0.864796,0.800628,0.561472,0.437878,0.674727,0.539547,0.349304,0.75495,0.871715,0.471629,0.732487,0.38774,0.815438,0.770865,0.319716,0.514197,0.45912,0.516097,0.341602,0.830359,0.563281,0.815489,0.765647,0.71802,0.356707,0.449596,0.45758,0.619923,0.753324,0.451139,0.752205,0.523325,0.6638,0.501946,0.594279,0.733421,0.760486,0.825024,0.698643,0.770592,0.746872,0.846302,0.772563,0.701679,0.715763,0.866066,0.822521,0.39544,0.805637,0.775132,0.171173,0.673491,0.611137,0.824565,0.754794,0.723903,0.858217,0.620421,0.479511,0.662244,0.65152,0.669185],[0.31531,0.447722,0.311646,0.645538,0.202657,0.724014,-0.063795,-0.003936,0.74411,0.845001,0.782444,0.85485,0.388188,0.624932,0.522004,0.828362,0.62353,0.425819,0.750846,0.905249,0.79155,0.902107,0.751821,0.563124,0.919903,1.0,0.897626,0.340754,0.371293,0.623052,0.475042,0.663945,0.801566,0.680011,0.852142,0.53074,0.428083,0.392928,0.556484,0.76855,0.755441,0.849436,0.825017,0.645746,0.474636,0.628303,0.515965,0.506658,0.8079,0.771402,0.455867,0.764535,0.421207,0.666815,0.65633,0.321326,0.55717,0.563057,0.512265,0.380556,0.796067,0.638262,0.791101,0.796595,0.7532,0.375106,0.466237,0.537838,0.721164,0.812442,0.498625,0.78474,0.595665,0.716527,0.607888,0.658511,0.704242,0.673874,0.831693,0.74239,0.666864,0.798617,0.77228,0.814449,0.751862,0.813967,0.839498,0.850479,0.408412,0.858704,0.738041,0.153962,0.745946,0.695706,0.810257,0.76867,0.74683,0.897376,0.736823,0.518927,0.739017,0.682555,0.712601],[0.234762,0.535129,0.331513,0.642952,0.209048,0.784682,-0.025718,0.038155,0.848585,0.881038,0.758571,0.888796,0.410699,0.655339,0.568534,0.879826,0.578836,0.547699,0.818903,0.901801,0.80124,0.887499,0.874128,0.575704,0.86084,0.897626,1.0,0.287915,0.336117,0.700307,0.45445,0.67992,0.857262,0.684359,0.843423,0.592235,0.4878,0.375359,0.657293,0.851177,0.846346,0.78629,0.820234,0.695355,0.505386,0.700219,0.589106,0.507461,0.813242,0.77958,0.425511,0.805169,0.442729,0.721712,0.657981,0.430293,0.652562,0.59398,0.369817,0.378113,0.896729,0.742664,0.81342,0.873906,0.843116,0.429825,0.47269,0.540906,0.708404,0.879958,0.525703,0.890581,0.673748,0.828478,0.654842,0.749908,0.817336,0.654317,0.883187,0.83009,0.761684,0.853871,0.8096,0.884396,0.845142,0.86956,0.883648,0.887227,0.382065,0.890113,0.725681,0.013369,0.855242,0.817433,0.845291,0.845269,0.796979,0.938505,0.776469,0.640821,0.859702,0.736121,0.841291],[0.207341,0.055114,-0.067082,0.064061,0.223344,0.169491,0.004618,0.012776,0.107885,0.101411,0.130895,0.266611,0.056088,0.081885,0.062242,0.209583,0.188493,0.045346,0.0243,0.305792,0.151594,0.15402,0.113291,0.021387,0.301368,0.340754,0.287915,1.0,0.219549,0.085915,0.042651,0.225692,0.119427,0.320786,0.343309,0.361665,-0.037543,0.090364,0.041688,0.143612,0.114598,0.167563,0.166832,0.015389,0.051227,0.24153,0.489927,0.021706,0.078135,0.167782,0.026743,0.286166,0.092724,0.052145,0.108821,0.589722,0.135398,0.122873,0.297655,0.115579,0.17106,-0.010625,0.38799,0.099723,0.078019,0.092383,0.259669,0.346834,0.088193,0.110384,0.248987,0.068895,0.130872,0.116309,-0.024783,0.096398,0.093701,0.173933,0.337616,0.036307,0.077839,0.07989,0.167369,0.207181,0.051028,0.258981,0.197109,0.337658,0.119979,0.418369,0.291744,0.235721,0.040347,0.056981,0.306707,0.157667,0.073192,0.33686,0.107976,0.027713,0.179635,0.039525,0.049959],[0.235744,0.180857,0.118461,0.114052,0.270247,0.224095,0.073623,0.058735,0.221311,0.28376,0.243632,0.348562,0.09616,0.472502,0.128257,0.303265,0.136529,0.030352,0.185227,0.415273,0.195396,0.233281,0.433755,0.066783,0.337793,0.371293,0.336117,0.219549,1.0,0.226208,0.407173,0.332167,0.32552,0.446149,0.40949,0.50297,0.063288,0.021629,0.139075,0.182987,0.231385,0.280032,0.201763,0.12399,0.139766,0.205664,0.375107,0.088822,0.173094,0.277642,0.190124,0.4303,0.227348,0.202737,0.296062,0.216222,0.138081,0.137166,0.238293,0.16966,0.331059,0.058865,0.433865,0.191721,0.227083,0.190483,0.267096,0.162629,0.12722,0.321255,0.559623,0.227585,0.206885,0.234067,0.110218,0.23858,0.196732,0.229017,0.306805,0.159634,0.200423,0.181383,0.256855,0.257011,0.1426,0.292657,0.320041,0.436121,0.161042,0.403508,0.338202,0.199437,0.239334,0.236203,0.274647,0.204517,0.160881,0.405928,0.184979,0.171133,0.386635,0.131014,0.344557],[0.119865,0.427455,0.374825,0.627142,0.107176,0.707524,-0.01055,0.040111,0.778323,0.735195,0.607892,0.770869,0.441525,0.591404,0.494763,0.730504,0.622992,0.481513,0.65127,0.662324,0.705753,0.700441,0.633924,0.619921,0.613886,0.623052,0.700307,0.085915,0.226208,1.0,0.432359,0.531159,0.692215,0.51007,0.632483,0.464448,0.535192,0.330703,0.605012,0.706097,0.740526,0.56173,0.683782,0.682404,0.396144,0.558275,0.359206,0.565229,0.743861,0.624471,0.321537,0.624637,0.370703,0.608509,0.513548,0.249805,0.66363,0.575648,0.204681,0.35884,0.782767,0.736319,0.606427,0.786863,0.799599,0.318775,0.283698,0.395429,0.612025,0.812767,0.323379,0.776845,0.522028,0.720456,0.664901,0.729055,0.779148,0.563635,0.730941,0.79381,0.658672,0.78821,0.634811,0.679467,0.663181,0.640179,0.594724,0.54877,0.205787,0.69156,0.462673,-0.14722,0.777927,0.759265,0.659927,0.671523,0.687053,0.671347,0.62355,0.548698,0.679166,0.588705,0.708292],[0.142778,0.173085,0.274506,0.447854,0.081246,0.351873,0.042178,0.019724,0.387472,0.482838,0.340882,0.493092,0.296089,0.417973,0.339979,0.483858,0.423839,0.271947,0.492319,0.449914,0.518111,0.460828,0.531293,0.431769,0.386473,0.475042,0.45445,0.042651,0.407173,0.432359,1.0,0.351876,0.45885,0.330289,0.408265,0.366668,0.390529,0.198027,0.376418,0.441282,0.482851,0.420219,0.470